1000.000000 1.000000
0.804450 0.993463
0.029992 0.321351
0.087077 0.369722
0.989145 0.849617
0.939398 0.806704
0.683839 0.843364
0.534138 0.742508
0.899005 0.967043
0.137869 0.383539
0.182141 0.399681
0.106942 0.379010
0.939661 0.912175
0.410629 0.653736
0.945579 1.017583
0.988302 1.079715
0.336699 0.553914
0.244165 0.454272
0.680178 0.782438
0.411594 0.602197
0.750520 0.846262
0.551793 0.701626
0.511820 0.587061
0.719570 0.922705
0.354534 0.603866
0.346449 0.587153
0.454695 0.605165
0.217732 0.425243
0.308915 0.539523
0.782872 0.898581
0.009802 0.307983
0.922332 1.028936
0.042660 0.328130
0.704340 0.846923
0.224277 0.439729
0.673031 0.766072
0.623716 0.681807
0.177124 0.443449
0.766922 0.947915
0.107889 0.364094
0.099095 0.369029
0.193245 0.460773
0.099090 0.354307
0.557295 0.740727
0.311940 0.484979
0.338956 0.504520
0.510153 0.726209
0.628924 0.656712
0.390855 0.515572
0.501283 0.639489
0.997560 1.101906
0.485652 0.703811
0.137547 0.391239
0.927356 1.078205
0.713574 0.827649
0.343288 0.590196
0.124774 0.396932
0.646477 0.824326
0.398282 0.611964
0.835221 0.835226
0.552262 0.774785
0.549309 0.653466
0.619472 0.704853
0.756510 0.807845
0.492345 0.676602
0.972734 0.925064
0.837803 0.953227
0.954174 0.819046
0.356869 0.569157
0.281502 0.471752
0.711129 0.827319
0.590609 0.745011
0.047555 0.330891
0.451341 0.576958
0.715045 0.885427
0.281508 0.518736
0.137763 0.411897
0.138602 0.401097
0.366157 0.593750
0.503781 0.650899
0.877049 0.871000
0.449444 0.684054
0.042298 0.336277
0.189207 0.442985
0.586440 0.744739
0.361022 0.567190
0.811151 0.737821
0.083874 0.371986
0.651350 0.697592
0.403491 0.531607
0.268439 0.466239
0.331665 0.493718
0.348008 0.499717
0.884153 0.799334
0.930041 0.919723
0.047401 0.330690
0.735966 0.887468
0.544906 0.715259
0.893633 0.792925
0.303661 0.466628
0.195477 0.451180
0.721753 0.896120
0.582433 0.624354
0.922745 1.038310
0.285947 0.504325
0.984776 1.060142
0.838970 0.868615
0.470625 0.638962
0.269092 0.510700
0.503888 0.677380
0.307746 0.478362
0.475573 0.611098
0.788113 0.925314
0.668512 0.686290
0.021556 0.315519
0.300819 0.554634
0.980904 0.916864
0.800820 0.966312
0.597527 0.794755
0.943732 0.976076
0.728387 0.828507
0.025857 0.317639
0.646302 0.756979
0.372313 0.614869
0.829533 0.977199
0.372534 0.572345
0.872553 1.036871
0.668464 0.702589
0.653851 0.664424
0.406727 0.607341
0.933726 1.050389
0.484548 0.680653
0.417047 0.657519
0.987975 1.111505
0.388884 0.566352
0.246687 0.496069
0.882838 1.039733
0.558285 0.709198
0.148877 0.424050
0.450394 0.571088
0.899651 1.008501
0.882486 0.854481
0.673226 0.808124
0.122815 0.382176
0.275287 0.512583
0.283384 0.535795
0.826579 0.848305
0.497903 0.680863
0.834369 0.914549
0.574737 0.668989
0.456425 0.652024
0.884405 0.984192
0.018613 0.314113
0.438509 0.597867
0.117037 0.394202
0.324855 0.499919
0.342713 0.525699
0.546554 0.693869
0.395822 0.563635
0.515367 0.687819
0.950915 1.036119
0.400080 0.624314
0.134338 0.374355
0.084247 0.349534
0.324220 0.505526
0.011681 0.308332
0.095373 0.355523
0.631141 0.817393
0.974222 1.004959
0.996850 1.015586
0.515458 0.631729
0.430002 0.599827
0.071037 0.358907
0.064634 0.343869
0.826630 0.849580
0.613475 0.794592
0.886235 1.047720
0.190785 0.418196
0.897866 0.956448
0.503840 0.671634
0.819422 0.882306
0.202075 0.438347
0.427911 0.666014
0.620055 0.774423
0.720165 0.767362
0.516990 0.671663
0.156495 0.412784
0.694803 0.769329
0.836270 0.949890
0.360031 0.546527
0.386390 0.605963
0.734271 0.796925
0.693753 0.888583
0.784233 0.902702
0.109334 0.372523
0.590905 0.705632
0.050340 0.330685
0.834189 0.749251
0.863711 0.783122
0.669043 0.768377
0.217994 0.457800
0.122189 0.392504
0.599586 0.630966
0.056343 0.332914
0.019621 0.313311
0.832221 0.915120
0.520129 0.727177
0.097698 0.381677
0.108017 0.376224
0.143156 0.403042
0.004580 0.303613
0.848709 1.012016
0.986968 0.992567
0.271422 0.453873
0.507849 0.669986
0.762887 0.727970
0.661596 0.766862
0.171048 0.444738
0.590483 0.701653
0.941919 1.008296
0.451946 0.667537
0.532624 0.682404
0.680066 0.745939
0.239291 0.473799
0.866887 0.879883
0.112615 0.376723
0.300184 0.500262
0.833364 0.856584
0.390176 0.554973
0.140255 0.386964
0.086815 0.358727
0.257283 0.462736
0.424858 0.543473
0.495067 0.680609
0.243573 0.493647
0.074090 0.349242
0.003394 0.302060
0.001301 0.300776
0.142484 0.388724
0.174892 0.401359
0.598886 0.799283
0.939380 0.870261
0.482671 0.617921
0.523780 0.625594
0.068357 0.346399
0.173853 0.394235
0.954678 0.946189
0.961559 1.057200
0.007349 0.305585
0.705951 0.828317
0.552310 0.634720
0.772366 0.770636
0.370865 0.607933
0.856377 0.871613
0.318019 0.534129
0.910195 1.061256
0.591594 0.681099
0.853064 0.880765
0.904355 0.792325
0.532426 0.711122
0.179302 0.415741
0.187713 0.420257
0.403857 0.589238
0.048739 0.334974
0.274811 0.468689
0.243145 0.442172
0.956416 1.108383
0.818714 0.935394
0.175812 0.414885
0.188790 0.400763
0.316420 0.542548
0.625255 0.746654
0.439037 0.576217
0.501659 0.694897
0.762408 0.853014
0.747663 0.859634
0.123220 0.386434
0.347261 0.495872
0.147849 0.388619
0.672270 0.755242
0.694404 0.729786
0.009759 0.306936
0.279392 0.537132
0.906443 0.902085
0.024855 0.318819
0.837171 1.017595
0.056933 0.338910
0.582470 0.743966
0.719433 0.839584
0.726915 0.778273
0.581582 0.632688
0.057654 0.349578
0.284824 0.508394
0.962161 0.872735
0.193040 0.424938
0.932898 0.919030
0.273217 0.459554
0.397109 0.561393
0.131115 0.388941
0.091513 0.367556
0.010979 0.307953
0.789730 0.783148
0.448020 0.623972
0.061401 0.342905
0.642315 0.689942
0.837056 1.017378
0.846373 0.894154
0.278876 0.518138
0.236930 0.501971
0.620260 0.754912
0.172605 0.397254
0.255262 0.509193
0.911067 0.998374
0.725182 0.742334
0.576053 0.762884
0.403843 0.648441
0.089999 0.357627
0.511409 0.583083
0.725688 0.821662
0.529360 0.728778
0.858759 0.983867
0.317833 0.517420
0.752228 0.728735
0.109742 0.368402
0.524637 0.749903
0.710409 0.752734
0.291457 0.538058
0.911647 0.980477
0.255370 0.443745
0.838256 0.910451
0.948109 0.824945
0.584641 0.667371
0.827732 0.794152
0.442530 0.594048
0.826574 0.927334
0.207603 0.432735
0.133811 0.401316
0.570991 0.636840
0.147656 0.402182
0.908102 0.951465
0.032940 0.318159
0.805063 0.850495
0.382646 0.604796
0.364287 0.558929
0.711657 0.886281
0.328690 0.546530
0.974836 0.844598
0.587019 0.694063
0.309136 0.492060
0.758766 0.956387
0.186571 0.448085
0.195798 0.469193
0.802262 0.841320
0.728864 0.809805
0.808990 0.827599
0.073243 0.353492
0.910188 0.844221
0.432368 0.638567
0.039184 0.333259
0.763673 0.849545
0.183843 0.428564
0.517846 0.747806
0.854852 1.030158
0.678941 0.753420
0.934979 0.948092
0.231792 0.454241
0.705077 0.807317
0.756631 0.954607
0.962431 0.984952
0.963870 0.851214
0.051448 0.332659
0.580192 0.712123
0.901208 0.943027
0.431981 0.608530
0.712415 0.683914
0.800921 0.765204
0.478474 0.596149
0.369092 0.578266
0.169609 0.406219
0.198222 0.418607
0.326840 0.570224
0.471102 0.614691
0.179231 0.453477
0.407456 0.632007
0.615325 0.705419
0.877182 0.997316
0.464954 0.674130
0.898444 0.907719
0.334329 0.544801
0.901991 0.992148
0.377455 0.593780
0.954103 0.981488
0.540106 0.644067
0.071235 0.342313
0.092989 0.363961
0.009333 0.307824
0.642742 0.643100
0.030385 0.318317
0.454966 0.561949
0.008648 0.306708
0.354116 0.580985
0.436657 0.596425
0.049213 0.327061
0.091100 0.366626
0.241084 0.496192
0.857213 1.032520
0.488900 0.596650
0.226209 0.461120
0.762110 0.794753
0.461232 0.644282
0.917336 0.838651
0.715635 0.819489
0.433299 0.658807
0.393052 0.533076
0.633334 0.769511
0.327942 0.562677
0.999478 1.159877
0.127037 0.377587
0.023632 0.317389
0.110809 0.374148
0.884077 0.933038
0.369003 0.522428
0.440943 0.675713
0.124026 0.385609
0.856896 0.769405
0.691625 0.894564
0.283268 0.463708
0.685280 0.873226
0.610869 0.809054
0.193434 0.451808
0.346261 0.532990
0.155720 0.425562
0.624924 0.787140
0.805112 0.747434
0.950790 0.964785
0.755146 0.889619
0.831130 0.786627
0.457309 0.638119
0.932183 1.056650
0.895424 0.951426
0.582747 0.776867
0.034866 0.328885
0.407731 0.522401
0.746148 0.736454
0.143908 0.405819
0.254481 0.463220
0.401791 0.568714
0.386191 0.584469
0.166891 0.399472
0.094629 0.360663
0.769597 0.770511
0.740365 0.865841
0.824078 0.966948
0.293368 0.486716
0.523030 0.635663
0.831843 0.968329
0.556998 0.645889
0.680566 0.715974
0.456425 0.601936
0.538601 0.765298
0.755220 0.949604
0.234783 0.466583
0.051436 0.340409
0.601980 0.793055
0.988277 1.133277
0.409515 0.518455
0.540878 0.625921
0.219284 0.440766
0.095949 0.375081
0.748509 0.834760
0.338132 0.574150
0.552572 0.771076
0.892833 0.882277
0.546402 0.654557
0.622803 0.797542
0.745875 0.729011
0.822394 0.745505
0.414429 0.622068
0.781374 0.812395
0.744868 0.918803
0.242603 0.439869
0.225068 0.446295
0.287085 0.541868
0.051314 0.337505
0.162899 0.432405
0.167561 0.417416
0.999329 0.951365
0.047078 0.328461
0.397839 0.556430
0.229603 0.494100
0.683189 0.883469
0.437973 0.670866
0.005834 0.304299
0.801076 0.789452
0.932469 1.034556
0.826450 0.898753
0.792582 0.809641
0.223462 0.442449
0.584523 0.773447
0.290462 0.493889
0.862057 0.936411
0.991188 0.895935
0.827209 0.927538
0.248949 0.472255
0.399075 0.592580
0.800523 0.754982
0.821442 0.968404
0.354506 0.539891
0.572239 0.738874
0.742470 0.883553
0.389129 0.563220
0.956345 0.992703
0.849722 0.831457
0.622324 0.753956
0.963468 0.841438
0.500499 0.653951
0.090166 0.375279
0.884389 0.901087
0.781723 0.755605
0.619816 0.684415
0.445656 0.663061
0.196205 0.424515
0.483295 0.612178
0.798486 0.988691
0.159048 0.397384
0.702237 0.762416
0.973705 1.134889
0.643698 0.827854
0.401883 0.598992
0.985237 1.009199
0.933592 1.022085
0.484039 0.661259
0.887637 0.832208
0.395366 0.641620
0.402352 0.602952
0.901348 1.079781
0.653163 0.671963
0.036114 0.326701
0.567144 0.784335
0.746105 0.862692
0.523313 0.624436
0.961994 0.986288
0.030270 0.323170
0.519716 0.587408
0.890036 0.872650
0.229701 0.431232
0.310923 0.489500
0.651997 0.662111
0.275431 0.472771
0.880066 0.899715
0.755914 0.855168
0.783266 0.747488
0.978564 1.098703
0.050646 0.334882
0.325653 0.542091
0.230299 0.467342
0.603156 0.742290
0.448428 0.544456
0.513815 0.643867
0.108046 0.374187
0.450883 0.623304
0.805404 0.917705
0.872236 0.780367
0.219681 0.450822
0.958534 1.063646
0.451875 0.591222
0.059095 0.346112
0.506795 0.604064
0.427194 0.551858
0.751695 0.793200
0.941818 0.807694
0.829056 0.915323
0.538747 0.704151
0.726630 0.710422
0.877574 0.772241
0.294303 0.474611
0.926294 0.815075
0.581093 0.733331
0.651269 0.835044
0.055953 0.345076
0.528922 0.704511
0.212405 0.451748
0.702520 0.898649
0.444542 0.549743
0.057340 0.342612
0.796179 0.908066
0.345308 0.593145
0.520190 0.742823
0.073596 0.344330
0.775028 0.949522
0.782551 0.794451
0.151846 0.423902
0.784855 0.789444
0.227811 0.445877
0.829562 0.969783
0.570683 0.713142
0.286018 0.519198
0.796258 0.841877
0.446216 0.607244
0.279039 0.511640
0.903665 1.055622
0.747197 0.763390
0.689638 0.698112
0.123501 0.373726
0.145732 0.406144
0.073362 0.359235
0.722903 0.908650
0.492639 0.670281
0.890123 0.934517
0.282205 0.542316
0.036426 0.323388
0.973014 0.937335
0.309150 0.477340
0.915766 0.829764
0.332118 0.576486
0.499649 0.668955
0.583133 0.746729
0.029332 0.320805
0.032073 0.325948
0.339986 0.577283
0.246070 0.478933
0.937677 0.815031
0.053978 0.329159
0.681479 0.799439
0.114030 0.391081
0.617851 0.643981
0.069279 0.340090
0.788891 0.745039
0.237869 0.446182
0.104822 0.385897
0.698200 0.843139
0.650531 0.758900
0.326388 0.546072
0.117565 0.368494
0.019765 0.316894
0.970373 0.857596
0.467410 0.651600
0.290186 0.527751
0.558118 0.677249
0.267194 0.509635
0.898376 0.997273
0.406830 0.644221
0.255427 0.481623
0.954755 0.894414
0.250085 0.510711
0.068582 0.343422
0.591584 0.655601
0.635883 0.808361
0.501701 0.676412
0.795955 0.786428
0.600839 0.642971
0.515766 0.719118
0.920790 0.944009
0.277611 0.508442
0.917299 0.945118
0.974191 0.883631
0.111185 0.370319
0.396419 0.567022
0.311475 0.538159
0.091872 0.361312
0.295181 0.487587
0.105561 0.377194
0.282728 0.465416
0.000659 0.300414
0.550811 0.753667
0.042253 0.335278
0.130974 0.406252
0.800468 0.971828
0.137304 0.396329
0.404958 0.539408
0.575184 0.722993
0.214446 0.451537
0.989186 0.989105
0.694873 0.765894
0.034777 0.321942
0.801442 0.820003
0.083316 0.358630
0.366833 0.586066
0.524740 0.720583
0.816911 0.787280
0.123693 0.399820
0.637898 0.643640
0.895955 0.931760
0.544522 0.700485
0.760436 0.922378
0.382868 0.515000
0.733873 0.772612
0.839750 0.851918
0.828215 0.790447
0.129520 0.407065
0.044079 0.333599
0.733773 0.798274
0.379839 0.626618
0.398993 0.571340
0.156808 0.400672
0.314062 0.561143
0.247024 0.457328
0.408869 0.614558
0.143638 0.418325
0.083156 0.357149
0.030389 0.323837
0.700043 0.723412
0.679905 0.788918
0.850679 0.912082
0.901774 0.907049
0.358128 0.549375
0.255962 0.515791
0.466757 0.588457
0.431218 0.630964
0.402330 0.538962
0.856251 0.923408
0.373579 0.526849
0.218994 0.454919
0.433423 0.638258
0.070450 0.357471
0.679880 0.693572
0.858402 0.814994
0.607340 0.733852
0.162325 0.386879
0.771485 0.908133
0.421069 0.532544
0.585747 0.646402
0.728611 0.818356
0.253064 0.512326
0.758195 0.928551
0.068798 0.340901
0.737073 0.864282
0.776993 0.844388
0.425497 0.613625
0.855772 0.947761
0.523592 0.631402
0.703969 0.764998
0.567685 0.770774
0.842949 1.002120
0.939003 1.056034
0.001358 0.300726
0.087469 0.354252
0.022799 0.315382
0.341065 0.543447
0.926169 0.886110
0.338085 0.577171
0.340478 0.497264
0.507799 0.715829
0.384314 0.594088
0.627904 0.729149
0.473618 0.702529
0.083498 0.352320
0.447007 0.625953
0.877634 0.905304
0.437418 0.642088
0.467910 0.683816
0.466512 0.626264
0.487431 0.597246
0.085552 0.347549
0.888391 0.842857
0.861596 0.963927
0.872813 1.038400
0.139689 0.392842
0.980563 1.033721
0.896410 0.922177
0.014093 0.310442
0.231095 0.463880
0.724992 0.833453
0.588366 0.698802
0.244173 0.465139
0.010177 0.307493
0.957975 0.841399
0.035591 0.329496
0.246941 0.432436
0.814920 0.772789
0.879866 0.797235
0.352560 0.557771
0.585182 0.742335
0.648027 0.739226
0.139759 0.409568
0.241787 0.481377
0.857374 0.781379
0.972089 0.828642
0.835405 0.978269
0.049858 0.335663
0.943170 0.904092
0.806467 0.891785
0.789620 0.931482
0.049565 0.331113
0.653457 0.755167
0.972852 1.061578
0.567841 0.659437
0.256110 0.512278
0.446801 0.659822
0.098337 0.380623
0.027629 0.323016
0.899936 0.937186
0.120200 0.371230
0.706108 0.872267
0.034834 0.327378
0.957112 0.919848
0.638244 0.713370
0.216471 0.472181
0.723090 0.752857
0.582431 0.692366
0.092069 0.349841
0.491146 0.607501
0.339757 0.513747
0.170903 0.413894
0.697650 0.719445
0.666326 0.753783
0.433295 0.556401
0.193202 0.442739
0.269011 0.493659
0.944784 1.028892
0.679220 0.879461
0.775334 0.870575
0.948002 0.824448
0.268712 0.531691
0.772207 0.834201
0.680900 0.757777
0.380149 0.529771
0.382938 0.508021
0.472321 0.604391
0.975845 1.001126
0.846304 0.866477
0.462018 0.673666
0.991203 1.001755
0.925437 1.021539
0.567430 0.785867
0.824499 1.003465
0.646346 0.726497
0.476575 0.699034
0.014854 0.308698
0.471568 0.636855
0.059691 0.344928
0.889635 0.806983
0.437773 0.574371
0.985246 1.025390
0.253749 0.446550
0.545005 0.741055
0.837006 0.978909
0.203715 0.445617
0.874943 0.801925
0.856351 1.013562
0.217865 0.421785
0.474215 0.684909
0.469394 0.615084
0.502746 0.589153
0.132285 0.408936
0.602950 0.674895
0.864803 0.777979
0.457754 0.654333
0.338999 0.526137
0.526980 0.738137
0.778361 0.733123
0.278785 0.483939
0.864673 0.882201
0.239877 0.475723
0.479404 0.699272
0.934709 1.053340
0.708909 0.853710
0.899710 0.799411
0.335911 0.479638
0.828096 0.881719
0.366162 0.522949
0.534832 0.636852
0.068371 0.338401
0.068339 0.345783
0.123381 0.384023
0.898940 0.885401
0.120178 0.386893
0.875033 0.868356
0.041921 0.324347
0.076593 0.359756
0.456525 0.645171
0.699246 0.806104
0.628693 0.819251
0.662352 0.846532
0.467517 0.571368
0.068134 0.352560
0.307986 0.533162
0.652421 0.763447
0.715107 0.801722
0.487999 0.641248
0.935976 0.920640
0.117145 0.371866
0.684908 0.856889
0.970145 0.886992
0.760343 0.853556
0.402952 0.583415
0.495644 0.671959
0.743706 0.771498
0.089612 0.372465
0.389587 0.608463
0.179369 0.402202
0.905158 1.047163
0.999793 1.121248
0.036878 0.326364
0.997616 1.001992
0.873512 0.786320
0.987539 1.130426
0.564261 0.682092
0.337845 0.561348
0.013656 0.308986
0.922685 0.960175
0.473887 0.631174
0.308971 0.562712
0.981993 0.991835
0.992590 0.980203
0.426041 0.557501
0.193249 0.456709
0.726637 0.815851
0.829081 0.883638
0.551962 0.633621
0.587821 0.641477
0.052224 0.339747
0.608559 0.669123
0.406280 0.601989
0.555308 0.619779
0.169198 0.390295
0.418162 0.591109
0.159869 0.420799
0.017920 0.310272
0.952125 1.117512
0.030915 0.321577
0.862722 0.829963
0.834270 0.971196
0.628973 0.635922
0.379724 0.616994
0.680352 0.748765
0.631955 0.688288
0.571413 0.791745
0.849682 0.833443
0.682458 0.745446
0.986927 0.853990
0.250306 0.501191
0.084423 0.359976
0.800623 0.924172
0.141663 0.396231
0.350380 0.542755
0.587403 0.641831
0.905331 0.976039
0.162940 0.417638
0.931616 1.040045
0.685687 0.772260
0.260318 0.488233
0.248771 0.459155
0.910802 1.054515
0.794589 0.968994
0.178840 0.426234
0.627005 0.825260
0.663968 0.740254
0.740008 0.896356
0.600345 0.637193
0.922358 0.808403
0.527025 0.601960
0.380143 0.605740
0.244096 0.502146
0.712647 0.769907
0.248920 0.453737
0.767244 0.721949
0.685289 0.807177
0.746685 0.941466
0.383914 0.538053
0.877470 1.003759
0.461121 0.559913
0.564269 0.636188
0.531690 0.646490
0.314784 0.544140
0.515773 0.711010
0.204493 0.455285
0.052486 0.342009
0.678569 0.875881
0.091558 0.376556
0.509953 0.676499
0.316071 0.476735
0.850614 0.794640
0.370486 0.574455
0.997552 1.004054
0.990511 0.903068
0.398005 0.604682
0.064641 0.350585
0.420400 0.637906
0.379605 0.542829
0.986051 1.061948
0.413183 0.533949
0.734559 0.847811
0.073842 0.342349
0.981596 0.986070
0.022414 0.312356
0.140874 0.417088
0.465820 0.635523
0.494456 0.574882
0.897647 0.865088
0.269047 0.496780
0.475879 0.612226
0.655611 0.854691
0.620425 0.689387
0.205181 0.439464
0.027250 0.322492
0.610092 0.666786
0.519917 0.586617
0.862187 0.887131
0.548009 0.695820
0.680395 0.747105
