100.000000 1.000000
0.614713 1.242064
0.049533 0.744393
0.192510 0.832294
0.205494 0.864590
0.189072 0.837542
0.635198 1.170416
0.538597 1.227128
0.499116 1.153852
0.445183 1.034659
0.490357 1.188436
0.873927 1.448938
0.208461 0.891083
0.640312 1.261749
0.205976 0.927074
0.082071 0.769679
0.142041 0.818801
0.620959 1.267435
0.052078 0.750917
0.728662 1.402968
0.063405 0.763713
0.934405 1.775386
0.858939 1.572417
0.513377 1.095897
0.398589 1.028526
0.030890 0.729515
0.301306 0.944205
0.332936 0.994286
0.648198 1.221629
0.842207 1.464557
0.854100 1.450483
0.446027 1.049178
0.177108 0.864896
0.330829 1.014411
0.118155 0.828890
0.539982 1.242522
0.999492 1.571518
0.414523 1.066334
0.763957 1.430019
0.100222 0.774839
0.359635 0.972755
0.521886 1.148235
0.175669 0.834194
0.905154 1.554412
0.468468 1.169460
0.104012 0.797924
0.736267 1.388355
0.184194 0.871795
0.299937 0.943056
0.212602 0.913405
0.071453 0.763072
0.053754 0.746782
0.013283 0.713998
0.196658 0.848940
0.307367 0.970075
0.101669 0.811271
0.332093 0.990580
0.062045 0.752879
0.046351 0.741857
0.761426 1.416064
0.089892 0.766245
0.777241 1.558854
0.533772 1.127557
0.825809 1.394286
0.293973 0.990633
0.010337 0.707280
0.667916 1.327890
0.526102 1.199623
0.707253 1.405163
0.287977 0.982505
0.556670 1.172861
0.061591 0.759416
0.337584 1.005393
0.104813 0.778080
0.549540 1.191171
0.890476 1.572818
0.734341 1.305914
0.072885 0.756347
0.798351 1.641182
0.683716 1.262488
0.722725 1.268905
0.117493 0.814173
0.328814 1.006323
0.749131 1.404268
0.740032 1.247195
0.734958 1.518633
0.866930 1.346654
0.366437 1.011472
0.685028 1.344751
0.789364 1.381712
0.206028 0.873278
0.771934 1.251701
0.388272 1.059942
0.228953 0.916984
0.484480 1.090573
0.781932 1.382769
0.294066 0.943742
0.530872 1.079779
0.405315 1.042753
0.112284 0.808384
0.291570 0.978177
