100.000000 1.000000
0.964423 5.917593
0.694752 5.432521
0.432642 4.891201
0.109755 4.291803
0.187461 4.335951
0.797830 5.593594
0.768958 5.520584
0.272939 4.468750
0.673295 5.334851
0.451739 4.921788
0.059403 4.088109
0.772722 5.578183
0.125332 4.189023
0.092352 4.102675
0.423109 4.872148
0.722923 5.451047
0.108818 4.239597
0.126500 4.192050
0.098594 4.137526
0.168251 4.285877
0.317480 4.604364
0.217563 4.393634
0.892922 5.819715
0.555738 5.058881
0.212031 4.353619
0.913800 5.862053
0.557789 5.084483
0.166204 4.352823
0.987935 5.920941
0.257792 4.498384
0.073995 4.178672
0.402388 4.885249
0.402184 4.824480
0.154370 4.288964
0.161134 4.365287
0.871111 5.717352
0.685536 5.336763
0.530629 5.116663
0.597490 5.167532
0.299225 4.590549
0.422646 4.821892
0.558319 5.157063
0.424335 4.836896
0.124873 4.170485
0.290185 4.549957
0.653690 5.383536
0.935731 5.864443
0.240478 4.524940
0.759327 5.558763
0.743688 5.421697
0.681560 5.356998
0.212163 4.357413
0.823574 5.592984
0.163570 4.354804
0.894389 5.791538
0.702702 5.347670
0.953457 5.913728
0.679734 5.282228
0.809204 5.659844
0.120187 4.244548
0.325834 4.659409
0.398881 4.783610
0.180738 4.320707
0.020536 4.111684
0.653700 5.379502
0.163512 4.397208
0.794658 5.602215
0.440036 4.839673
0.751946 5.458671
0.064187 4.172929
0.671202 5.378273
0.642061 5.270630
0.390762 4.834214
0.317428 4.687279
0.789074 5.636858
0.505637 5.033883
0.950894 5.892450
0.060019 4.181163
0.631189 5.238223
0.997003 5.948035
0.652451 5.322401
0.387245 4.714855
0.025135 4.037122
0.184100 4.405830
0.370363 4.797652
0.734230 5.480297
0.176855 4.429941
0.265322 4.601408
0.223770 4.426468
0.087500 4.198353
0.180617 4.285409
0.723173 5.420920
0.660617 5.301878
0.627347 5.174968
0.910570 5.871233
0.745847 5.543880
0.383306 4.786159
0.575495 5.155998
0.275070 4.508244
0.451639 4.857896
